Epoch	block0_Baseline	block0_LCM	block1_Baseline	block1_LCM	block2_Baseline	block2_LCM	block3_Baseline	block3_LCM	block4_Baseline	block4_LCM	block5_Baseline	block5_LCM	block6_Baseline	block6_LCM	block7_Baseline	block7_LCM	block8_Baseline	block8_LCM	block9_Baseline	block9_LCM	block10_Baseline	block10_LCM	block11_Baseline	block11_LCM
1	1635.24	251.12	1533.64	212.35	1416.56	159.67	1204.21	99.91	974.23	34.42	729.81	-37.21	464.19	-120.17	255.49	-204.28	160.21	-277.29	135.63	-351.10	129.28	-439.30	190.20	-539.03
2	1634.87	644.06	1533.21	597.95	1416.33	537.04	1204.70	466.76	974.24	386.91	729.67	294.17	463.77	179.36	255.23	69.40	159.97	-11.07	135.32	-93.26	129.02	-218.81	190.07	-444.32
3	1634.30	691.24	1532.93	647.19	1416.40	590.61	1204.46	524.39	974.32	447.30	729.73	356.21	463.81	240.45	255.32	130.51	160.16	60.53	135.54	1.32	129.30	-105.60	190.43	-366.19
4	1635.64	721.11	1534.02	681.08	1417.52	628.60	1205.96	564.79	975.53	489.01	730.67	398.00	464.49	278.38	255.79	165.53	160.21	100.21	135.32	54.96	128.69	-35.50	189.85	-304.38
5	1636.07	748.98	1534.27	712.83	1417.58	662.65	1205.63	599.87	975.17	523.58	730.48	431.88	464.13	307.27	255.13	190.65	159.47	128.22	134.60	92.24	127.54	15.67	188.30	-252.99
6	1635.35	776.28	1533.43	742.00	1416.61	693.72	1204.69	631.26	974.26	553.80	729.72	460.86	463.69	329.95	255.10	209.04	160.06	149.44	135.49	119.80	128.87	50.55	189.86	-210.42
7	1636.02	800.13	1534.28	769.15	1417.58	721.80	1205.79	659.06	975.11	579.75	730.51	485.18	464.33	348.96	255.67	223.54	160.09	166.71	135.59	143.37	129.25	87.23	190.20	-172.14
8	1634.43	822.59	1533.16	793.76	1416.60	746.76	1204.86	682.93	974.72	602.42	730.08	505.30	464.03	363.98	255.34	233.86	160.23	178.03	135.71	160.74	129.10	114.63	189.86	-139.17
9	1635.82	843.74	1534.02	816.65	1417.48	769.95	1205.66	704.64	975.06	623.08	730.12	523.49	463.89	376.49	255.19	241.94	159.91	187.43	135.10	174.52	128.44	134.98	189.29	-110.22
10	1635.21	863.17	1533.68	837.39	1417.16	791.52	1205.54	724.92	975.07	641.53	730.19	539.20	464.13	387.53	255.35	248.92	160.12	194.45	135.32	186.71	128.89	154.18	189.91	-84.00
11	1635.50	881.93	1534.12	856.74	1417.36	810.17	1205.78	743.72	975.32	657.42	730.63	552.72	464.40	396.75	255.92	255.84	160.36	200.50	135.62	195.88	129.44	171.97	190.54	-60.20
12	1635.57	898.83	1533.68	874.18	1416.90	826.86	1205.52	759.16	975.19	671.70	730.45	563.75	464.40	404.48	255.70	260.38	160.38	206.19	135.44	204.82	128.85	186.75	189.79	-38.74
13	1634.94	914.02	1533.08	890.50	1416.64	843.63	1205.08	774.37	974.63	683.66	730.09	573.24	463.88	409.90	255.20	264.13	159.75	211.25	135.11	212.71	128.94	200.28	190.11	-19.19
14	1635.51	929.85	1533.63	906.42	1416.78	859.67	1204.87	789.10	974.34	696.04	729.73	583.91	463.35	415.58	255.01	267.65	159.62	212.68	134.97	217.42	128.51	209.43	189.62	-1.30
15	1634.43	942.76	1532.69	920.56	1416.44	874.34	1204.65	801.25	974.40	708.76	729.93	593.58	463.83	421.90	255.34	271.80	160.22	217.27	135.53	224.13	129.27	221.63	190.35	15.66
16	1635.49	956.15	1533.81	934.01	1417.52	887.75	1205.67	813.68	975.39	719.13	730.64	600.66	464.40	426.49	255.36	272.89	159.80	218.42	134.89	227.27	128.97	229.85	190.03	30.79
17	1634.73	967.63	1533.34	946.84	1416.67	899.13	1204.53	825.27	974.36	727.21	729.63	607.59	463.47	430.68	254.99	274.98	159.83	221.67	135.52	232.66	129.09	237.60	190.02	44.73
18	1634.91	981.37	1533.34	959.48	1416.92	911.82	1205.36	835.43	975.05	736.52	730.46	615.03	464.22	435.47	255.58	276.14	160.20	224.38	134.99	235.39	128.43	246.31	189.72	58.43
19	1635.27	993.41	1533.19	970.19	1416.47	922.64	1204.77	844.62	974.41	745.59	729.91	621.63	463.90	439.09	255.32	279.28	160.34	225.39	135.65	238.41	129.60	252.50	190.69	71.78
20	1634.75	1003.57	1533.40	981.65	1416.96	933.40	1205.26	854.87	975.05	753.03	730.09	624.73	464.15	441.51	255.21	280.48	159.73	225.40	134.72	240.39	128.70	257.22	189.82	83.67
21	1635.12	1011.11	1533.41	991.79	1416.60	942.26	1204.71	863.36	974.25	758.67	729.66	631.28	463.74	444.20	255.02	280.44	159.98	226.15	135.18	242.73	128.74	264.68	189.72	95.00
22	1634.08	1021.63	1532.39	1001.70	1415.87	951.72	1204.28	872.20	973.95	764.79	729.34	636.50	463.38	447.64	254.61	282.56	159.44	227.51	134.87	244.77	128.33	268.96	189.28	105.26
23	1634.66	1031.63	1532.93	1011.46	1416.38	961.86	1204.68	879.34	974.19	770.93	729.53	640.47	463.63	449.03	255.16	283.30	159.99	227.78	135.46	247.04	129.38	272.96	190.53	115.18
24	1634.80	1038.26	1533.35	1019.56	1416.66	968.92	1204.76	887.86	974.57	777.03	729.92	646.09	463.96	452.26	255.42	285.05	160.06	229.08	135.37	248.67	129.21	279.59	190.37	124.99
25	1634.69	1050.12	1533.12	1028.15	1416.38	977.84	1204.44	895.00	974.14	782.82	729.65	649.37	463.40	453.30	254.80	285.01	159.53	229.40	134.76	248.33	128.67	281.27	189.86	134.04
26	1634.37	1056.85	1532.73	1037.13	1416.04	986.01	1204.09	901.33	973.64	788.32	729.04	651.75	462.95	454.97	254.67	285.82	159.34	229.31	134.77	249.18	128.66	284.04	189.94	142.83
27	1635.18	1064.03	1533.40	1045.58	1416.68	994.17	1204.98	908.11	974.54	793.70	729.95	654.17	463.95	456.91	255.32	286.46	159.99	230.83	135.22	250.83	128.85	289.48	189.95	151.17
28	1634.87	1072.47	1533.70	1053.79	1417.29	1000.99	1205.56	915.05	975.36	798.62	730.58	658.59	464.41	459.65	255.30	286.60	159.81	231.00	135.19	251.06	128.88	290.55	189.99	157.94
29	1634.85	1079.41	1532.97	1061.84	1416.47	1006.45	1204.87	919.20	974.66	804.55	729.94	662.06	463.85	460.50	255.35	287.39	159.94	230.10	135.15	252.56	128.87	294.99	189.97	165.50
30	1635.42	1085.59	1533.64	1068.88	1416.92	1012.53	1205.02	924.51	974.56	809.80	729.96	665.36	464.09	460.41	255.47	288.12	160.26	230.55	135.41	253.79	128.87	298.30	189.89	173.64
31	1635.58	1093.30	1534.02	1076.01	1417.40	1019.91	1205.56	931.54	975.13	813.58	730.50	669.54	464.43	463.31	255.83	290.74	160.41	232.93	135.81	256.90	129.43	303.42	190.41	181.39
32	1636.26	1100.85	1534.16	1081.86	1417.15	1025.54	1205.07	936.50	974.58	816.83	729.92	671.63	464.04	464.20	255.53	289.68	160.14	232.24	135.70	255.12	129.31	304.17	190.37	187.36
33	1635.67	1107.88	1533.92	1088.91	1417.29	1032.72	1205.79	942.90	975.29	822.35	730.63	672.82	464.43	465.92	255.82	291.02	160.36	233.47	135.41	256.29	128.99	305.60	190.07	193.87
34	1635.66	1113.45	1533.82	1094.67	1417.32	1038.22	1205.45	946.30	975.04	826.20	730.12	675.29	463.98	466.41	255.35	289.58	160.14	230.68	135.55	254.18	129.55	304.11	190.52	199.76
35	1634.41	1118.24	1532.76	1099.42	1416.21	1043.42	1204.55	950.41	974.21	828.30	729.52	677.38	463.60	466.88	255.25	290.22	159.98	231.75	135.36	255.60	128.75	308.47	189.79	206.02
36	1635.70	1124.96	1533.77	1106.41	1417.15	1048.88	1205.31	956.31	974.76	832.31	730.10	679.82	464.14	468.08	255.48	291.24	160.06	232.12	135.26	256.29	129.24	308.57	190.39	211.55
37	1635.63	1131.26	1533.71	1112.61	1417.23	1053.09	1205.60	959.28	975.21	835.12	730.49	680.26	464.29	468.19	255.44	291.53	160.19	230.75	135.05	256.57	129.13	310.82	190.32	216.75
38	1633.67	1132.97	1532.00	1116.78	1415.87	1056.99	1204.60	964.36	974.50	838.40	730.00	682.41	463.77	467.23	255.18	290.76	159.90	230.74	135.21	255.64	128.89	312.53	189.92	222.15
39	1635.46	1139.67	1533.31	1124.03	1416.80	1063.98	1205.08	968.16	974.74	842.06	730.05	684.46	463.93	467.34	255.21	289.97	159.95	229.74	135.34	253.60	128.96	310.27	190.09	226.90
40	1634.83	1146.29	1533.30	1128.39	1416.86	1070.78	1205.07	973.21	974.69	843.64	729.87	687.78	463.67	470.05	255.14	291.09	160.09	230.69	135.50	254.73	129.07	314.44	190.16	231.96
41	1635.67	1151.14	1533.74	1133.45	1417.01	1075.02	1205.34	977.24	975.03	846.85	730.41	690.96	464.22	472.75	255.33	292.46	159.88	230.94	134.75	256.20	128.34	315.99	189.51	237.52
42	1634.17	1155.54	1533.00	1139.31	1416.57	1080.41	1204.72	981.01	974.44	849.47	729.86	692.76	463.90	473.55	255.14	292.20	159.92	231.83	135.20	254.60	129.15	319.00	190.22	242.36
43	1634.88	1160.26	1533.46	1141.48	1417.02	1082.99	1205.48	984.18	974.96	851.70	730.34	692.21	464.22	472.66	255.75	291.87	160.46	231.07	135.60	254.24	129.38	313.27	190.47	246.13
44	1633.48	1161.24	1532.63	1146.86	1416.39	1085.07	1204.87	986.50	974.64	854.07	730.14	694.19	464.16	472.72	255.55	290.17	160.26	230.23	135.59	252.58	129.38	312.77	190.44	250.44
45	1634.53	1165.91	1532.38	1150.18	1415.62	1090.65	1204.20	990.56	974.04	856.62	729.53	694.04	463.58	475.12	254.98	291.12	159.73	231.21	135.32	254.21	128.88	315.04	190.00	254.54
46	1635.10	1171.75	1533.83	1156.02	1417.33	1095.89	1205.53	995.74	975.01	859.74	730.41	698.74	464.35	476.77	255.83	292.39	160.40	231.96	135.81	254.99	129.58	317.07	190.49	258.92
47	1635.14	1178.43	1533.82	1161.46	1417.11	1099.97	1205.35	997.25	974.77	862.74	730.01	698.99	464.03	477.05	255.52	292.51	160.21	230.91	135.58	255.06	128.92	318.62	189.84	262.50
48	1634.18	1180.39	1532.83	1164.53	1416.55	1103.91	1204.98	1000.28	974.49	864.47	729.85	700.63	463.60	477.72	254.88	292.49	159.59	231.00	135.00	255.66	128.69	320.69	189.78	265.45
49	1635.12	1186.68	1533.52	1169.61	1416.98	1108.18	1205.29	1002.95	974.96	866.58	730.13	700.72	464.13	478.00	255.29	292.92	159.83	231.85	135.04	255.92	128.51	322.03	189.54	270.06
50	1633.55	1185.43	1531.68	1172.92	1415.50	1110.94	1204.31	1005.89	974.13	867.64	729.76	702.23	463.90	477.70	255.51	292.91	160.27	231.41	135.49	256.03	129.67	322.03	190.88	274.50
51	1633.22	1190.61	1532.15	1176.64	1415.43	1116.40	1203.39	1006.99	973.29	869.91	728.96	703.75	463.38	479.09	254.85	293.66	159.67	232.19	134.94	256.98	128.51	321.95	189.72	277.18
52	1634.93	1190.78	1533.19	1181.86	1416.55	1120.45	1204.56	1010.76	974.36	872.16	729.71	700.20	463.69	476.07	255.18	292.07	159.79	228.67	135.17	253.06	129.15	321.62	190.34	280.14
53	1635.66	1196.80	1533.81	1184.67	1417.19	1123.10	1205.51	1015.75	975.28	874.13	730.75	706.51	464.59	479.82	255.80	295.44	160.40	232.93	135.58	257.38	129.45	325.02	190.51	284.44
54	1635.11	1203.45	1533.74	1189.03	1417.36	1126.42	1205.61	1018.74	975.16	877.59	730.55	708.39	464.41	479.18	255.74	294.19	160.49	232.69	135.71	256.31	129.49	322.49	190.38	287.74
55	1635.03	1203.80	1533.33	1192.26	1416.70	1129.51	1204.85	1020.55	974.58	878.16	729.98	707.02	463.62	479.14	254.87	293.20	159.87	232.48	135.32	256.44	128.82	322.12	189.88	290.95
56	1634.10	1208.27	1532.92	1195.73	1416.50	1133.48	1204.92	1022.35	974.49	879.66	729.86	709.09	463.71	479.41	255.27	293.52	159.87	232.49	135.04	255.68	128.82	322.50	190.07	293.60
57	1633.65	1212.14	1531.83	1198.83	1415.16	1136.84	1203.54	1024.13	972.86	881.16	728.29	709.55	462.69	477.29	254.50	292.81	159.48	230.25	135.00	253.87	128.26	318.35	189.54	295.41
58	1634.32	1217.54	1533.00	1200.79	1416.69	1138.09	1205.17	1028.07	974.81	884.03	730.07	711.54	463.77	477.76	254.97	292.73	159.46	231.19	134.87	253.33	128.70	320.99	189.86	299.13
59	1634.81	1220.31	1533.14	1203.58	1416.43	1139.65	1204.80	1030.15	974.35	885.32	729.71	711.35	463.68	478.09	254.96	293.01	159.55	230.16	134.96	253.73	128.64	319.21	189.68	301.69
60	1635.75	1219.79	1534.22	1208.83	1417.42	1144.65	1205.66	1031.35	975.14	887.01	730.29	713.35	464.06	480.71	255.41	294.67	160.03	230.39	135.16	254.05	128.84	316.94	189.90	302.93
61	1635.11	1226.02	1533.19	1212.56	1416.50	1149.03	1204.73	1034.29	974.50	888.39	729.72	712.44	463.79	481.17	254.97	294.15	159.62	230.66	135.00	253.55	128.59	323.11	189.55	306.75
62	1635.48	1229.96	1533.36	1215.59	1416.68	1150.88	1204.84	1037.56	974.52	890.13	729.94	712.21	463.85	481.26	255.32	294.40	159.94	231.60	135.21	253.47	128.96	319.47	190.25	309.55
63	1635.26	1231.69	1533.54	1218.46	1416.96	1154.92	1204.95	1040.33	974.35	889.88	729.82	714.84	463.82	481.48	255.14	294.44	159.74	230.11	135.35	251.32	129.14	320.36	190.11	311.60
64	1635.61	1233.15	1534.01	1222.29	1417.43	1156.64	1205.75	1040.64	975.38	892.91	730.68	717.12	464.56	482.89	255.73	295.45	160.06	230.52	134.99	251.62	128.48	321.53	189.56	313.80
65	1635.88	1239.84	1533.87	1225.28	1417.25	1158.83	1205.50	1043.67	975.02	895.59	730.38	715.52	464.17	481.72	255.41	293.84	159.96	230.99	135.38	252.10	128.80	322.74	189.82	317.37
66	1635.88	1243.88	1533.81	1228.76	1417.14	1162.95	1205.34	1046.30	974.98	895.73	730.35	716.66	464.27	482.49	255.64	294.65	160.24	229.13	135.44	250.06	129.17	324.54	190.33	320.58
67	1635.40	1238.69	1533.70	1232.77	1416.96	1162.97	1205.24	1048.29	974.95	895.68	730.31	716.87	463.92	482.14	255.29	295.55	160.06	229.70	135.32	252.75	129.16	320.50	190.42	321.70
68	1635.28	1247.17	1533.59	1234.93	1416.92	1166.32	1205.23	1050.97	975.01	897.44	730.45	719.50	464.24	483.32	255.44	295.43	160.09	229.71	135.58	251.80	129.31	318.29	190.41	323.59
69	1634.34	1257.31	1532.81	1237.98	1416.29	1169.39	1204.51	1051.91	974.19	895.50	729.62	719.80	463.53	481.29	254.67	294.25	159.48	228.56	134.90	250.98	128.66	321.09	189.52	326.69
70	1633.67	1257.47	1532.47	1240.97	1415.68	1170.92	1204.09	1054.24	973.99	899.41	729.58	719.90	463.28	481.43	254.71	293.69	159.65	230.11	135.28	251.14	129.26	321.67	190.29	328.88
71	1635.13	1259.21	1533.51	1242.18	1416.98	1172.20	1204.96	1057.46	974.51	901.66	729.90	719.66	463.98	481.16	255.36	294.88	160.08	229.62	135.53	251.38	129.33	322.69	190.17	330.24
72	1635.14	1263.26	1533.65	1239.75	1416.96	1170.13	1205.17	1056.64	974.66	902.79	729.92	719.95	464.06	480.51	255.49	294.08	160.24	228.67	135.51	250.55	129.37	320.22	190.29	332.33
73	1635.16	1268.80	1533.61	1248.56	1416.96	1176.08	1205.19	1055.77	974.65	901.19	730.12	721.51	463.82	481.23	255.14	295.24	159.78	229.76	135.22	252.86	129.12	320.18	190.31	333.91
74	1635.30	1272.71	1533.69	1251.44	1417.13	1178.80	1205.19	1059.75	974.91	904.39	730.29	720.84	464.03	481.39	255.09	294.65	159.62	230.94	134.81	252.12	128.43	322.59	189.29	335.82
75	1635.25	1275.27	1533.84	1253.62	1417.29	1183.04	1205.70	1062.67	975.51	905.46	730.81	722.68	464.44	483.20	255.62	294.78	160.22	228.69	135.22	249.60	129.28	322.76	190.24	336.97
76	1634.08	1278.84	1533.04	1256.20	1416.83	1183.83	1205.15	1063.24	974.74	907.35	730.12	722.79	463.93	481.64	255.33	295.36	159.97	231.80	135.33	252.40	129.35	323.62	190.35	339.77
77	1634.89	1280.14	1532.86	1259.21	1415.98	1184.51	1203.90	1065.22	973.82	906.41	729.27	722.40	463.43	481.18	254.95	295.62	159.81	230.67	135.05	251.62	129.02	321.37	190.03	340.67
78	1634.98	1281.84	1532.85	1260.22	1416.06	1186.15	1204.57	1066.50	974.39	908.79	729.84	720.92	463.78	480.11	255.26	296.00	159.90	229.87	135.19	250.20	129.19	314.57	190.24	341.64
79	1635.76	1286.59	1533.48	1263.14	1416.75	1189.79	1205.00	1066.20	974.71	911.15	730.04	723.73	463.90	483.06	255.40	295.03	159.99	230.49	135.35	250.40	129.12	312.24	190.23	343.60
80	1634.52	1289.12	1533.12	1266.33	1416.51	1192.30	1204.81	1069.46	974.40	911.96	729.77	723.42	463.74	482.55	255.32	296.54	160.27	231.20	135.66	251.11	129.17	319.38	190.21	345.71
81	1635.44	1287.84	1533.29	1266.30	1416.57	1192.39	1204.82	1071.29	974.66	913.58	730.14	722.36	464.17	483.72	255.45	297.18	160.29	231.92	135.75	252.22	129.70	320.22	190.81	347.29
82	1635.04	1287.21	1533.22	1268.22	1416.44	1196.21	1204.51	1072.23	974.21	915.17	729.85	725.91	463.99	484.34	255.30	295.32	160.20	229.04	135.68	249.64	129.17	316.70	189.99	349.40
83	1635.53	1290.91	1533.76	1271.78	1417.13	1199.85	1205.35	1073.26	974.89	914.23	730.31	726.73	464.14	482.71	255.57	294.43	160.17	229.03	135.59	250.40	129.64	314.09	190.72	351.16
84	1635.69	1295.77	1533.66	1274.90	1417.07	1201.54	1205.60	1075.40	975.21	917.02	730.52	727.97	464.42	485.15	255.56	295.36	160.06	230.85	135.22	250.91	129.21	320.54	190.29	352.90
85	1634.63	1299.42	1532.63	1275.78	1415.71	1201.87	1204.05	1077.58	973.75	916.64	729.41	727.60	463.42	482.99	255.12	295.64	159.72	229.90	134.83	250.05	128.35	312.01	189.54	353.63
86	1634.89	1299.70	1533.54	1277.14	1417.11	1202.25	1205.15	1075.72	974.67	914.33	729.85	727.16	463.55	482.97	254.83	294.88	159.54	230.20	135.02	250.26	128.80	313.90	189.90	354.06
87	1633.62	1299.84	1532.26	1280.48	1415.96	1205.73	1204.17	1074.82	973.95	916.44	729.29	727.90	463.17	483.18	254.93	295.38	160.01	231.72	135.52	251.34	129.38	319.49	190.51	356.14
88	1634.84	1303.11	1532.99	1282.84	1416.21	1209.40	1204.57	1080.37	974.54	918.75	729.96	726.92	464.04	485.34	255.42	296.22	160.13	232.37	135.43	250.82	129.09	319.04	190.16	358.31
89	1635.91	1308.77	1533.91	1284.69	1417.24	1210.56	1205.42	1082.70	975.07	917.20	730.40	730.39	464.21	484.05	255.52	295.63	160.15	231.34	135.55	249.89	129.24	310.29	190.31	358.07
90	1634.19	1306.91	1533.00	1286.79	1416.47	1215.35	1204.61	1084.29	974.40	920.31	729.69	729.19	463.86	484.27	255.30	295.52	160.00	229.81	135.26	248.76	128.94	308.69	190.10	358.03
91	1633.89	1309.24	1532.50	1283.31	1415.87	1214.39	1203.78	1083.77	973.74	921.58	729.43	729.55	463.41	483.94	254.94	296.25	159.90	230.36	135.00	250.47	129.13	314.41	190.52	360.40
92	1635.43	1313.28	1533.65	1289.57	1417.10	1217.57	1205.27	1087.12	974.70	922.69	729.95	730.21	463.95	483.79	255.20	296.15	160.02	230.06	135.34	246.37	128.84	315.48	189.81	362.38
93	1635.07	1315.48	1532.72	1291.01	1416.03	1218.33	1204.22	1086.82	974.06	923.23	729.51	729.55	463.66	483.47	255.45	295.91	160.17	229.38	135.24	248.80	129.32	311.62	190.61	361.65
94	1634.85	1320.83	1532.92	1294.63	1416.05	1219.80	1204.06	1089.13	973.55	924.46	729.02	729.63	463.41	484.36	255.15	294.97	160.10	230.79	135.59	250.02	128.96	311.71	189.89	363.09
95	1634.10	1320.06	1532.43	1295.89	1415.96	1221.96	1204.07	1090.86	973.64	925.76	728.98	731.04	463.25	481.13	254.65	294.43	159.77	230.63	135.10	249.23	128.72	311.48	189.65	363.79
96	1636.05	1313.77	1534.01	1297.10	1417.11	1221.29	1205.14	1090.06	974.78	926.44	730.22	731.09	464.27	484.77	255.64	295.02	160.23	229.98	135.69	249.14	129.38	310.87	190.43	366.70
97	1635.75	1320.31	1533.77	1298.62	1417.00	1223.80	1205.24	1092.55	974.87	927.49	730.03	728.92	464.20	486.47	255.30	294.81	160.07	230.73	135.27	248.84	129.14	312.75	190.07	367.23
98	1635.55	1322.34	1534.01	1300.72	1417.28	1227.11	1205.39	1095.05	974.95	928.16	730.16	731.22	463.87	486.17	255.30	294.63	159.96	229.98	135.43	249.13	129.20	311.37	190.27	367.08
99	1634.69	1321.50	1533.33	1300.96	1416.88	1229.90	1205.04	1096.34	974.87	927.49	730.31	732.96	464.21	485.14	255.51	293.70	160.33	228.32	135.80	246.59	129.47	314.24	190.52	368.17
100	1634.51	1328.55	1532.74	1299.84	1416.32	1229.07	1204.74	1097.64	974.38	928.80	729.76	732.71	463.74	484.19	255.29	294.85	160.01	229.23	135.40	245.36	129.05	311.79	189.91	368.23
101	1635.37	1331.72	1533.77	1305.52	1416.89	1230.30	1205.11	1098.57	974.82	931.58	730.14	735.31	464.00	485.32	255.33	295.17	160.01	231.32	135.33	249.81	128.98	309.31	189.98	370.60
102	1635.94	1338.35	1534.20	1309.77	1417.23	1232.43	1205.18	1099.80	974.67	930.97	729.72	734.89	463.43	485.89	254.75	295.10	159.54	230.32	135.15	248.95	128.95	307.93	190.08	371.12
103	1635.50	1340.10	1533.78	1311.67	1417.03	1235.83	1205.29	1102.26	974.71	930.62	729.86	735.12	463.81	485.99	255.09	294.83	159.84	231.33	135.33	250.39	129.08	313.79	190.03	372.21
104	1635.58	1327.23	1533.76	1313.54	1417.25	1238.13	1205.54	1103.66	974.96	930.98	730.34	736.75	464.37	486.90	255.82	296.58	160.40	231.80	135.87	250.74	129.73	310.40	190.70	374.36
105	1634.67	1327.77	1532.94	1309.47	1416.54	1238.92	1204.86	1103.41	974.43	926.56	729.85	736.51	463.83	486.53	255.05	295.49	159.31	231.48	134.62	249.49	128.20	305.75	189.29	373.56
106	1634.84	1328.13	1532.90	1311.71	1416.05	1238.63	1204.34	1105.42	973.76	929.98	729.37	735.92	463.55	487.18	255.03	297.08	160.06	232.17	135.57	251.70	129.45	311.95	190.43	374.86
107	1634.22	1331.97	1533.05	1317.74	1416.66	1241.98	1204.96	1105.99	974.71	933.77	729.98	731.89	463.80	488.97	255.37	296.58	160.02	231.88	135.31	249.92	128.87	310.31	189.91	375.98
108	1634.01	1341.59	1532.89	1321.73	1416.41	1242.20	1204.62	1106.99	974.34	934.50	729.82	728.44	463.97	488.81	255.13	296.31	159.96	232.65	135.29	251.37	128.92	313.85	189.89	377.43
109	1634.83	1345.70	1533.03	1323.07	1416.59	1244.97	1204.79	1106.95	974.63	936.50	730.07	734.75	464.00	489.10	255.35	297.59	160.15	232.18	135.15	250.36	128.77	311.73	190.11	376.51
110	1634.83	1344.90	1532.96	1322.80	1416.40	1247.09	1204.76	1107.53	974.42	936.91	729.86	735.01	463.84	486.44	255.30	296.50	160.02	232.66	135.13	250.64	128.77	313.04	189.99	379.14
111	1634.53	1345.98	1533.18	1323.92	1416.57	1247.43	1204.87	1108.60	974.39	937.48	729.78	735.80	463.62	488.05	254.87	295.77	159.68	230.49	134.86	248.86	128.61	311.33	189.75	378.93
112	1633.06	1350.08	1531.98	1327.15	1415.81	1249.62	1204.30	1110.78	973.99	937.64	729.39	737.03	463.35	488.63	255.12	295.27	159.94	231.50	135.43	250.01	129.35	308.17	190.55	379.54
113	1635.16	1349.64	1533.52	1329.09	1416.82	1249.70	1205.20	1111.76	974.80	938.01	730.19	737.44	464.14	488.29	255.40	297.32	160.09	231.53	135.44	250.49	129.27	312.13	190.19	380.01
114	1634.87	1355.20	1532.81	1329.51	1416.09	1251.61	1204.62	1113.38	974.46	938.42	729.60	737.39	463.42	488.87	254.77	297.20	159.62	232.17	134.92	249.85	128.88	310.29	189.99	380.60
115	1634.66	1355.04	1532.96	1328.29	1416.16	1250.20	1204.28	1112.62	974.18	938.72	729.73	737.65	463.93	487.10	255.30	295.74	159.86	231.00	135.04	248.71	128.62	308.51	189.58	380.74
116	1635.05	1351.93	1533.58	1331.70	1417.19	1253.50	1205.67	1115.23	975.16	940.37	730.26	738.81	464.01	488.26	255.24	297.15	159.84	232.71	134.84	250.78	128.19	310.29	189.36	381.92
117	1635.53	1350.61	1533.63	1333.97	1417.23	1254.88	1205.40	1115.48	974.87	940.58	730.19	739.35	463.96	487.34	255.53	294.65	160.19	230.11	135.52	248.58	129.16	300.08	190.22	380.74
118	1634.37	1360.62	1532.66	1334.53	1415.84	1255.32	1203.66	1116.50	973.41	941.88	728.82	740.29	462.97	487.13	254.82	296.03	159.59	233.04	135.02	250.50	128.53	310.57	189.59	381.93
119	1635.05	1363.09	1533.56	1336.77	1416.92	1258.24	1204.96	1118.44	974.29	942.57	729.53	738.70	463.57	487.48	254.60	296.20	159.32	232.72	134.69	250.26	128.54	308.11	189.53	381.36
120	1634.60	1363.74	1533.71	1340.68	1416.92	1259.77	1205.07	1119.79	974.83	944.46	730.28	741.30	464.22	489.86	255.64	297.15	159.96	234.12	135.09	252.52	128.72	306.54	189.64	382.30
121	1635.26	1359.71	1533.54	1342.42	1416.99	1262.36	1205.28	1122.12	974.59	945.70	729.86	742.29	463.87	491.68	255.24	299.05	160.01	235.28	135.22	252.43	129.24	305.14	190.40	383.07
122	1635.29	1361.63	1533.16	1340.60	1416.56	1261.86	1204.77	1121.21	974.42	945.32	729.64	741.68	463.56	491.60	254.90	297.72	160.04	232.46	135.62	249.72	129.54	308.97	190.56	385.07
123	1635.94	1363.71	1533.98	1344.71	1417.27	1262.25	1205.55	1122.37	975.17	947.54	730.62	742.87	464.31	492.53	255.70	298.47	160.13	234.13	135.41	251.31	129.53	309.08	190.69	385.67
124	1634.20	1370.90	1532.85	1346.78	1416.55	1264.38	1204.92	1122.48	974.58	947.28	730.18	743.31	463.82	492.23	255.24	298.21	159.67	235.24	134.89	252.09	128.73	309.81	189.87	386.91
125	1636.21	1374.90	1534.20	1349.76	1417.65	1263.98	1205.95	1124.96	975.67	947.32	730.99	745.48	464.76	492.15	256.10	300.57	160.64	235.68	135.84	254.32	129.79	311.49	190.76	385.75
126	1634.80	1378.05	1533.42	1350.22	1416.73	1266.34	1204.93	1124.59	974.71	948.24	730.19	744.30	464.02	489.53	255.42	298.45	160.25	235.33	135.65	252.53	129.22	308.81	190.33	386.35
127	1635.40	1381.38	1533.60	1352.97	1417.13	1269.48	1204.95	1125.90	974.60	950.08	730.14	745.65	464.08	493.82	255.58	300.21	160.37	236.32	135.83	252.16	129.38	311.56	190.30	387.95
128	1634.54	1374.87	1533.30	1351.41	1416.85	1265.58	1204.91	1126.16	974.44	950.02	729.81	745.98	463.74	493.69	255.23	299.44	159.89	235.63	135.19	251.20	128.86	309.71	189.81	386.90
129	1635.60	1371.79	1533.89	1352.16	1417.34	1270.40	1205.66	1126.92	975.38	951.97	730.62	741.43	464.34	493.77	255.53	300.64	159.94	236.21	134.99	252.59	128.72	307.67	189.76	386.60
130	1635.44	1379.54	1533.76	1356.23	1417.05	1272.45	1205.60	1128.07	975.22	951.62	730.49	744.25	464.30	492.89	255.64	300.94	160.14	236.31	135.16	251.98	128.80	298.08	189.99	386.69
131	1635.30	1381.81	1533.57	1359.28	1416.91	1273.32	1205.09	1129.74	974.75	954.04	730.19	745.96	464.26	494.89	255.69	300.77	160.21	237.55	135.45	251.65	129.17	310.24	190.21	388.52
132	1634.67	1383.33	1533.02	1359.09	1416.40	1273.36	1204.89	1129.65	974.33	953.45	729.64	746.77	463.72	495.14	255.18	299.68	160.05	237.28	135.31	253.23	129.01	310.31	189.98	389.37
133	1635.89	1385.78	1534.22	1359.63	1417.48	1275.60	1205.64	1131.86	975.19	954.61	730.37	747.53	464.32	494.49	255.53	300.47	160.09	237.65	135.51	253.74	129.02	309.61	189.92	388.98
134	1636.03	1387.30	1534.03	1361.15	1417.41	1278.07	1205.51	1132.98	974.95	955.48	730.26	747.15	464.13	494.49	255.66	301.11	160.39	237.91	135.74	254.58	129.36	308.57	190.33	389.53
135	1634.86	1383.33	1533.45	1361.14	1417.02	1279.61	1205.23	1132.36	974.76	953.98	730.20	747.28	463.99	494.81	255.25	300.54	160.04	236.56	135.11	251.94	128.82	305.75	189.93	389.94
136	1634.35	1382.74	1532.66	1363.98	1416.22	1279.89	1204.67	1135.32	974.55	956.76	729.79	748.98	463.74	497.01	255.27	301.36	160.05	238.57	135.27	253.94	128.90	311.78	190.06	390.86
137	1634.99	1388.40	1533.35	1364.34	1416.75	1281.01	1204.82	1134.86	974.44	956.54	729.77	748.21	463.83	497.01	255.40	301.85	159.97	238.50	135.21	253.43	129.11	308.94	190.32	389.44
138	1634.72	1393.68	1533.55	1363.51	1417.01	1283.02	1205.42	1135.92	975.16	957.21	730.57	748.60	464.52	496.97	255.67	301.29	160.46	237.45	135.61	254.64	129.18	308.70	190.27	391.26
139	1635.41	1397.96	1533.67	1368.26	1417.24	1284.51	1205.65	1136.62	975.27	958.21	730.60	750.29	464.52	497.36	255.86	301.90	160.47	238.77	135.67	256.24	129.68	312.00	190.80	391.08
140	1635.21	1397.64	1533.90	1369.29	1417.27	1284.77	1205.41	1136.55	974.96	958.53	730.11	748.54	464.02	496.82	255.26	302.10	160.05	238.52	135.23	255.19	129.08	308.67	190.06	390.65
141	1635.75	1394.86	1534.28	1368.81	1417.73	1286.96	1206.12	1139.78	975.74	960.37	730.88	749.69	464.63	498.02	255.68	302.32	160.20	239.18	135.29	255.78	128.46	307.48	189.41	390.99
142	1635.51	1397.14	1534.11	1370.78	1417.59	1286.61	1205.88	1140.87	975.44	959.95	730.69	749.71	464.37	498.47	255.46	302.49	159.86	238.39	135.24	255.26	129.08	309.12	189.92	390.93
143	1634.87	1400.54	1533.29	1373.97	1416.77	1287.83	1205.26	1141.59	974.31	960.35	729.74	750.14	463.71	498.46	255.24	303.08	159.90	239.16	135.34	256.00	129.32	309.08	190.53	392.59
144	1635.02	1399.35	1533.25	1374.45	1416.38	1288.09	1204.74	1141.74	974.59	962.22	730.09	752.89	464.01	498.76	255.29	303.87	159.85	240.03	135.25	256.42	128.98	311.41	190.05	392.76
145	1635.08	1398.93	1533.02	1372.48	1416.59	1286.02	1204.54	1141.13	974.57	960.99	730.01	752.24	464.17	498.48	255.18	302.99	159.85	238.81	135.09	255.39	128.63	312.75	189.57	392.40
146	1634.54	1402.39	1532.72	1373.42	1416.00	1288.65	1204.54	1141.98	973.93	961.60	729.48	751.33	463.59	498.25	255.04	303.97	159.92	239.57	135.29	256.89	128.82	309.59	189.97	391.51
147	1634.86	1407.81	1533.44	1374.14	1417.09	1290.94	1205.27	1140.48	974.70	962.90	730.10	752.46	463.85	498.53	255.33	304.01	160.07	239.97	135.32	256.30	129.19	307.42	190.17	393.27
148	1634.06	1408.24	1531.71	1373.55	1415.19	1291.23	1203.53	1142.25	973.71	963.47	729.40	753.45	463.33	498.72	255.03	303.82	159.73	240.97	135.23	256.53	129.15	309.37	190.28	392.97
149	1635.83	1413.49	1533.85	1376.46	1417.22	1292.21	1205.46	1144.51	975.15	964.35	730.52	755.54	464.35	500.91	255.94	304.98	160.22	241.11	135.47	257.68	129.18	312.48	190.35	392.84
150	1634.81	1407.08	1533.04	1378.48	1416.28	1295.12	1204.52	1145.14	974.22	965.35	729.65	755.42	463.81	500.26	255.15	304.38	160.10	241.04	135.58	256.80	129.37	312.45	190.35	393.43
151	1635.59	1408.92	1533.64	1380.21	1417.09	1296.15	1205.35	1145.81	974.91	965.71	730.12	755.50	464.12	499.70	255.49	304.55	160.13	241.05	135.42	257.54	128.92	308.49	190.05	393.91
152	1635.08	1414.15	1533.67	1379.63	1417.00	1296.37	1205.19	1147.69	974.83	966.70	730.60	756.51	464.51	502.16	255.82	305.03	160.76	241.70	136.03	257.97	129.45	310.19	190.28	392.96
153	1635.02	1411.75	1533.20	1379.85	1416.78	1296.27	1204.96	1147.74	974.60	967.07	729.90	757.09	463.94	502.01	255.35	305.45	160.11	241.73	135.29	258.03	129.02	312.98	190.22	393.75
154	1635.26	1419.23	1533.33	1381.31	1416.42	1297.15	1204.37	1148.14	973.88	967.29	729.42	757.60	463.72	501.81	255.08	304.69	160.05	242.20	135.60	258.72	129.15	313.38	189.99	393.98
155	1635.16	1420.50	1534.08	1381.43	1417.37	1298.11	1205.33	1148.86	974.86	968.27	730.29	757.63	464.38	502.41	255.78	305.67	160.24	242.14	135.55	258.30	128.99	310.65	190.04	394.45
156	1635.61	1420.19	1533.27	1381.79	1416.89	1299.19	1205.06	1150.19	974.63	968.31	729.83	757.91	463.62	502.67	255.14	305.64	159.86	242.56	135.28	258.74	129.06	312.12	190.12	395.30
157	1635.18	1417.30	1533.65	1385.13	1416.82	1300.38	1205.12	1151.33	974.65	969.45	729.80	757.41	463.83	502.14	255.34	306.22	159.98	242.60	135.25	259.06	128.91	314.06	190.06	395.42
158	1636.44	1422.84	1534.39	1386.20	1417.57	1301.86	1205.84	1152.46	975.28	970.02	730.51	758.54	464.34	502.71	255.50	306.47	160.11	243.32	135.35	259.24	129.04	314.45	190.01	395.90
159	1635.68	1421.31	1534.14	1386.38	1417.33	1303.54	1205.49	1153.06	975.04	970.41	730.41	759.43	464.33	504.14	255.65	306.55	160.30	243.45	135.61	259.59	129.11	313.32	190.06	395.91
160	1635.62	1424.58	1533.82	1387.56	1417.12	1303.38	1205.26	1153.31	975.04	971.00	730.43	759.45	464.27	504.04	255.49	306.57	160.18	243.43	135.21	259.73	129.06	312.85	190.14	395.95
161	1634.55	1428.34	1533.14	1389.07	1416.64	1304.23	1205.02	1154.18	974.50	971.36	729.97	760.02	463.67	503.36	254.91	305.87	159.62	242.45	135.11	257.87	128.97	312.07	190.12	395.36
162	1633.86	1432.09	1532.49	1389.59	1415.96	1305.03	1204.29	1154.75	973.97	971.99	729.42	760.83	463.57	504.29	255.11	306.96	159.86	244.42	135.23	259.68	129.00	314.06	189.99	395.69
163	1635.18	1433.91	1533.61	1391.63	1417.06	1306.29	1205.33	1156.37	974.93	972.57	730.14	759.28	463.92	504.56	255.32	307.25	160.05	244.44	135.64	260.26	129.36	316.02	190.36	396.75
164	1634.43	1434.81	1532.68	1392.04	1416.28	1306.97	1204.79	1156.09	974.33	972.75	729.46	760.87	463.22	503.88	254.98	306.59	159.86	243.83	135.34	259.56	129.25	314.41	190.38	396.99
165	1635.10	1434.85	1533.39	1392.94	1416.84	1307.54	1205.15	1157.18	974.80	973.67	730.27	761.79	464.13	504.53	255.48	307.73	159.98	244.66	135.35	260.54	129.32	313.12	190.38	396.43
166	1634.77	1431.29	1533.55	1392.81	1416.82	1308.26	1204.99	1156.96	974.73	973.89	730.19	761.16	464.23	505.16	255.62	308.19	160.47	245.60	135.74	261.27	129.11	313.79	190.08	397.05
167	1634.97	1435.05	1533.21	1394.07	1416.61	1308.40	1204.57	1157.11	974.09	974.08	729.52	761.32	463.51	504.87	255.09	307.05	159.84	244.41	135.21	260.21	128.82	315.47	189.84	397.25
168	1634.14	1435.75	1533.11	1395.04	1416.54	1310.23	1204.69	1159.29	974.39	974.73	729.72	762.84	463.68	505.41	254.75	307.58	159.72	244.74	135.33	260.42	128.99	314.93	189.92	396.99
169	1635.91	1440.51	1534.00	1396.68	1417.39	1311.86	1205.84	1160.45	975.34	976.80	730.69	764.21	464.39	506.48	255.63	308.85	160.26	246.31	135.33	262.22	128.96	316.54	190.21	397.97
170	1631.80	1435.20	1530.49	1394.78	1414.53	1310.03	1203.32	1158.76	973.46	975.29	729.17	762.72	463.38	505.36	254.96	307.15	159.74	245.11	134.93	260.70	128.46	315.80	189.53	397.29
171	1635.22	1438.38	1533.36	1395.78	1417.00	1312.29	1205.25	1160.30	975.05	976.71	730.46	763.98	464.20	507.04	255.68	309.45	160.07	246.52	135.37	261.42	129.17	315.71	190.21	397.62
172	1634.75	1439.86	1533.09	1396.64	1416.51	1312.93	1204.86	1161.18	974.57	976.93	730.06	763.47	464.02	506.75	255.52	309.39	160.39	246.80	135.57	262.24	129.13	317.83	190.18	398.62
173	1633.95	1443.06	1533.05	1398.16	1416.74	1314.74	1205.20	1162.27	974.81	977.51	730.25	764.40	464.14	506.48	255.35	308.74	160.08	246.76	135.40	261.87	129.45	317.06	190.53	398.26
174	1633.76	1442.51	1533.01	1399.26	1416.34	1314.41	1204.89	1162.36	974.46	977.38	729.85	764.36	463.75	506.33	254.94	309.09	159.75	246.34	135.09	262.17	128.48	315.70	189.60	397.97
175	1635.58	1443.97	1533.69	1400.27	1417.06	1315.93	1205.17	1163.07	974.88	978.36	730.08	764.66	464.00	507.29	255.34	309.39	159.87	246.93	135.15	262.43	128.97	316.02	189.99	397.75
176	1635.32	1444.54	1533.48	1400.70	1417.05	1315.88	1205.40	1163.76	975.11	979.16	730.41	765.51	464.18	508.01	255.65	310.25	160.32	247.83	135.49	263.10	129.37	318.88	190.67	399.35
177	1635.36	1445.87	1533.47	1401.90	1417.09	1316.48	1205.19	1164.13	974.74	979.23	730.09	765.72	463.86	507.69	255.31	309.86	160.06	247.06	135.41	262.80	128.92	317.61	189.88	398.51
178	1635.48	1446.15	1533.97	1402.00	1417.36	1317.30	1205.69	1165.16	975.23	979.97	730.57	766.60	464.51	508.82	255.80	310.69	160.15	248.44	135.24	263.53	128.66	318.38	189.60	398.59
179	1634.44	1447.15	1533.05	1401.97	1416.45	1317.29	1204.84	1164.93	974.55	979.85	729.92	766.53	463.74	508.22	255.08	310.11	159.93	247.91	135.11	263.53	129.00	317.73	190.22	399.06
180	1635.72	1448.68	1533.76	1403.19	1417.13	1317.88	1205.69	1166.01	975.35	980.80	730.74	767.38	464.63	509.26	255.88	311.02	160.22	248.40	135.47	263.83	128.91	319.19	189.83	399.27
181	1634.62	1449.79	1532.54	1403.50	1416.09	1317.81	1204.42	1165.59	974.03	980.09	729.58	766.78	463.41	508.52	255.29	310.66	160.13	248.77	135.51	264.67	128.69	319.67	189.82	399.34
182	1635.94	1450.52	1534.06	1403.98	1417.18	1318.65	1205.43	1166.57	974.94	980.91	730.42	767.53	464.30	509.38	255.76	309.51	160.54	248.89	136.18	265.22	129.96	320.15	190.94	400.18
183	1634.15	1450.56	1532.92	1403.05	1416.51	1318.82	1204.75	1166.70	974.38	980.72	729.65	767.18	463.55	508.84	255.03	310.01	159.75	248.43	135.18	264.15	129.03	320.03	190.17	399.64
184	1634.95	1448.94	1533.44	1404.04	1416.98	1319.42	1205.08	1166.92	974.67	981.08	729.82	767.28	463.85	509.03	255.32	310.81	160.16	249.00	135.55	264.62	129.42	319.70	190.39	399.39
185	1635.22	1450.37	1533.59	1404.77	1417.23	1319.89	1205.34	1167.61	975.10	981.88	730.47	768.25	464.34	509.81	255.67	311.54	160.34	249.63	135.72	265.18	129.34	321.41	190.31	400.10
186	1635.78	1452.67	1533.99	1405.23	1417.48	1320.68	1205.56	1168.09	974.77	981.72	730.27	768.18	464.21	509.77	255.51	311.26	160.15	249.39	135.41	265.05	128.76	321.01	189.81	400.11
187	1635.54	1452.90	1533.97	1405.86	1417.31	1320.78	1205.68	1168.39	975.23	982.35	730.41	768.52	464.22	509.94	255.45	311.43	160.09	249.38	135.55	265.02	129.14	320.49	190.02	399.74
188	1634.27	1453.40	1532.91	1405.63	1416.50	1320.65	1204.93	1168.15	974.52	982.03	729.96	768.49	463.96	510.01	255.35	311.56	159.91	249.61	134.98	264.90	128.67	321.20	189.75	399.71
189	1634.56	1453.43	1533.07	1405.81	1416.68	1320.89	1204.88	1168.24	974.61	982.30	730.05	768.59	463.93	509.87	255.30	311.64	160.02	249.76	135.16	265.33	129.08	321.40	190.11	400.15
190	1634.58	1454.11	1532.98	1405.69	1416.41	1320.82	1204.55	1168.24	974.43	982.26	729.58	768.58	463.73	509.82	255.07	311.48	160.04	249.79	135.38	265.76	128.81	321.98	189.56	399.66
191	1635.30	1455.48	1533.85	1406.41	1417.30	1321.62	1205.60	1169.11	975.12	982.95	730.39	769.26	464.11	510.31	255.45	311.90	160.10	250.30	135.47	266.02	129.46	321.60	190.60	400.15
192	1634.99	1454.97	1533.27	1406.47	1416.75	1321.60	1205.13	1169.08	974.49	982.54	729.70	768.75	463.71	509.95	255.15	311.73	160.11	250.33	135.34	266.56	128.83	322.16	189.92	400.43
193	1635.15	1455.76	1533.37	1406.78	1416.76	1321.77	1205.19	1169.40	974.97	983.19	730.17	769.35	463.76	510.34	255.03	311.84	159.93	250.53	135.40	266.94	129.27	323.77	190.39	400.88
194	1635.27	1456.29	1533.91	1407.19	1417.29	1322.14	1205.60	1169.63	975.27	983.42	730.38	769.51	464.03	510.43	255.44	312.10	160.17	250.52	135.53	266.75	129.40	322.91	190.57	400.64
195	1635.20	1456.45	1533.74	1407.34	1417.23	1322.19	1205.29	1169.62	974.87	983.35	730.25	769.58	464.25	510.87	255.53	312.41	160.19	250.89	135.57	267.23	129.24	323.42	190.22	400.54
196	1635.20	1456.69	1533.77	1407.34	1417.16	1322.10	1205.39	1169.68	974.89	983.28	730.23	769.57	464.10	510.73	255.54	312.32	160.26	250.86	135.74	267.31	129.15	323.34	190.06	400.45
197	1634.36	1455.99	1533.11	1407.02	1416.79	1322.06	1204.87	1169.37	974.64	983.19	730.07	769.47	464.03	510.67	255.34	312.19	160.03	250.63	135.23	267.02	128.82	323.11	189.87	400.31
198	1635.42	1456.80	1533.65	1407.51	1417.06	1322.28	1205.08	1169.62	974.57	983.17	729.89	769.46	463.68	510.44	255.02	312.05	159.63	250.61	134.81	267.01	128.44	323.11	189.73	400.38
199	1635.38	1456.75	1533.81	1407.51	1417.16	1322.35	1205.33	1169.76	975.07	983.57	730.41	769.97	464.30	510.97	255.66	312.58	160.43	251.21	135.57	267.70	129.31	323.53	190.31	400.56
200	1634.34	1456.56	1532.77	1406.91	1416.25	1321.71	1204.63	1169.24	974.32	982.93	729.85	769.35	463.77	510.36	255.15	311.86	159.83	250.23	135.28	266.65	129.03	322.79	190.13	400.17
